3957
3958
3960
3959
3957
3958
3959
3957
3958
3959
3957
3958
3959
3955
3958
3959
3959
3959
3958
3959
3959
3959
3957
3957
3959
3958
3959
3960
3959
3956
3958
3955
3959
3959
3957
3960
3959
3959
3958
3959
3957
3959
3958
3957
3958
3958
3958
3959
3958
3958
3956
3962
3959
3957
3958
3959
3957
3958
3958
3957
3957
3958
3960
3957
3957
3956
3958
3957
3958
3957
3956
3956
3958
3958
3957
3958
3957
3956
3957
3957
3957
3956
3956
3956
3957
3956
3958
3957
3957
3957
3958
3956
3956
3957
3957
3957
3958
3957
3959
3958
3957
3958
3959
3958
3958
3958
3958
3956
3957
3956
3955
3958
3958
3957
3958
3957
3957
3958
3955
3957
3958
3956
3958
3957
3956
3958
3958
3957
3959
3958
3957
3957
3957
3958
3956
3957
3957
3957
3958
3957
3957
3959
3958
3956
3958
3958
3957
3957
3957
3957
3958
3957
3956
3958
3956
3957
3958
3957
3957
3958
3956
3956
3958
3957
3957
3957
3958
3956
3958
3957
3957
3957
3957
3957
3957
3956
3956
3957
3957
3958
3957
3956
3956
3957
3957
3957
3958
3957
3957
3957
3956
3957
3958
3958
3957
3958
3957
3958
3958
3957
3958
3957
3958
3957
3957
3958
3958
3957
3957
3958
3957
3957
3956
3958
3957
3957
3958
3957
3957
3958
3956
3957
3958
3957
3956
3958
3958
3957
3959
3957
3956
3958
3958
3956
3958
3958
3958
3958
3956
3957
3959
3956
3957
3959
3957
3958
3957
3956
3958
3958
3958
3958
3958
3957
3957
3958
3959
3958
3960
3958
3958
3958
3958
3958
3958
3957
3957
3958
3957
3957
3958
3957
3958
3958
3956
3958
3958
3957
3958
3957
3957
3957
3958
3957
3957
3958
3956
3957
3960
3958
3959
3957
3958
3958
3959
3957
3958
3957
3957
3958
3958
3957
3958
3959
3958
3957
3958
3957
3958
3958
3957
3957
3958
3957
3957
3958
3957
3957
3958
3958
3957
3959
3956
3957
3959
3958
3957
3959
3958
3958
3959
3957
3957
3958
3957
3958
3958
3958
3958
3957
3957
3956
3958
3958
3958
3957
3956
3958
3957
3957
3958
3957
3957
3958
3958
3957
3957
3958
3957
3956
3959
3957
3957
3958
3957
3958
3958
3957
3957
3957
3957
3957
3958
3957
3959
3958
3957
3957
3958
3959
3956
3959
3957
3957
3956
3958
3957
3956
3958
3957
3958
3956
3957
3957
3957
3956
3957
3958
3957
3958
3958
3958
3958
3959
3956
3958
3958
3957
3959
3957
3957
3958
3958
3957
3959
3957
3957
3958
3958
3957
3957
3957
3958
3958
3958
3956
3957
3958
3958
3958
3957
3958
3958
3957
3956
3958
3957
3958
3958
3957
3957
3957
3957
3958
3958
3957
3957
3958
3957
3958
3960
3959
3957
3958
3959
3957
3958
3959
3957
3958
3959
3955
3958
3959
3959
3959
3958
3959
3959
3959
3957
3957
3959
3958
3959
3960
3959
3956
3958
3955
3959
3959
3957
3960
3959
3959
3958
3959
3957
3959
3958
3957
3958
3958
3958
3959
3958
3958
3956
3962
3959
3957
3958
3959
3957
3958
3958
3957
3957
3958
3960
3957
3957
3956
3958
3957
3958
3957
3956
3956
3958
3958
3957
3958
3957
3956
3957
3957
3957
3956
3956
3956
3957
3956
3958
3957
3957
3957
3958
3956
3956
3957
3957
3957
3958
3957
3959
3958
3957
3958
3959
3958
3958
3958
3958
3956
3957
3956
3955
3958
3958
3957
3958
3957
3957
3958
3955
3957
3958
3956
3958
3957
3956
3958
3958
3957
3959
3958
3957
3957
3957
3958
3956
3957
3957
3957
3958
3957
3957
3959
3958
3956
3958
3958
3957
3957
3957
3957
3958
3957
3956
3958
3956
3957
3958
3957
3957
3958
3956
3956
3958
3957
3957
3957
3958
3956
3958
3957
3957
3957
3957
3957
3957
3956
3956
3957
3957
3958
3957
3956
3956
3957
3957
3957
3958
3957
3957
3957
3956
3957
3958
3958
3957
3958
3957
3958
3958
3957
3958
3957
3958
3957
3957
3958
3958
3957
3957
3958
3957
3957
3956
3958
3957
3957
3958
3957
3957
3958
3956
3957
3958
3957
3956
3958
3958
3957
3959
3957
3956
3958
3958
3956
3958
3958
3958
3958
3956
3957
3959
3956
3957
3959
3957
3958
3957
3956
3958
3958
3958
3958
3958
3957
3957
3958
3959
3958
3960
3958
3958
3958
3958
3958
3958
3957
3957
3958
3957
3957
3958
3957
3958
3958
3956
3958
3958
3957
3958
3957
3957
3957
3958
3957
3957
3958
3956
3957
3960
3958
3959
3957
3958
3958
3959
3957
3958
3957
3957
3958
3958
3957
3958
3959
3958
3957
3958
3957
3958
3958
3957
3957
3958
3957
3957
3958
3957
3957
3958
3958
3957
3959
3956
3957
3959
3958
3957
3959
3958
3958
3959
3957
3957
3958
3957
3958
3958
3958
3958
3957
3957
3956
3958
3958
3958
3957
3956
3958
3957
3957
3958
3957
3957
3958
3958
3957
3957
3958
3957
3956
3959
3957
3957
3958
3957
3958
3958
3957
3957
3957
3957
3957
3958
3957
3959
3958
3957
3957
3958
3959
3956
3959
3957
3957
3956
3958
3957
3956
3958
3957
3958
3956
3957
3957
3957
3956
3957
3958
3957
3958
3958
3958
3958
3959
3956
3958
3958
3957
3959
3957
3957
3958
3958
3957
3959
3957
3957
3958
3958
3957
3957
3957
3958
3958
3958
3956
3957
3958
3958
3958
3957
3958
3958
3957
3956
3958
3957
3958
3958
3957
3957
3957
3957
3958
3958
3957
3957
3958
3958
3958
3959
3956
3958
3958
3957
0
2158
2045
1955
1888
1835
1794
1754
1721
1696
1678
1667
1650
1633
1620
1610
1601
1597
1592
1590
1591
1592
1594
1597
1601
1606
1608
1610
1614
1618
1622
1626
1628
1393
1395
1396
1399
1403
1412
1423
1432
1440
1446
1453
1456
1466
1476
1487
1492
1494
1499
1503
1509
1514
1519
1522
1524
1526
1531
1538
1548
1556
1565
1573
1579
1367
1373
1374
1380
1381
1383
1388
1390
1389
1394
1394
1394
1395
1397
1399
1404
1414
1424
1435
1442
1449
1456
1463
1474
1484
1490
1494
1500
1504
1507
1511
1516
1332
1333
1336
1342
1346
1350
1353
1357
1361
1364
1370
1374
1377
1379
1381
1382
1385
1387
1390
1392
1392
1392
1394
1397
1399
1404
1412
1423
1434
1441
1447
1455
1396
1382
1376
1370
1362
1354
1347
1342
1340
1338
1336
1339
1340
1342
1345
1349
1352
1355
1360
1365
1371
1375
1378
1380
1382
1383
1386
1389
1391
1394
1395
1395
1446
1441
1439
1440
1437
1434
1430
1424
1418
1412
1400
1386
1376
1367
1359
1353
1346
1342
1339
1337
1336
1337
1338
1341
1345
1347
1352
1355
1360
1365
1371
1375
1519
1505
1501
1493
1485
1477
1471
1465
1460
1455
1451
1446
1442
1439
1436
1433
1428
1423
1417
1412
1400
1388
1379
1370
1362
1355
1347
1342
1341
1339
1338
1340
1576
1572
1573
1569
1566
1562
1557
1553
1548
1538
1521
1509
1499
1491
1484
1477
1470
1465
1459
1454
1450
1447
1442
1439
1435
1431
1427
1421
1416
1409
1399
1386
1592
1592
1591
1592
1589
1588
1585
1585
1583
1581
1579
1576
1572
1568
1564
1561
1557
1552
1547
1539
1524
1511
1501
1492
1483
1476
1470
1464
1457
1453
1450
1446
1628
1624
1626
1623
1619
1615
1610
1605
1600
1598
1598
1596
1594
1592
1590
1587
1588
1585
1588
1587
1582
1577
1572
1568
1564
1562
1558
1553
1548
1541
1526
1513
1609
1611
1623
1628
1631
1632
1634
1633
1634
1633
1632
1628
1626
1622
1618
1615
1609
1604
1598
1596
1595
1594
1591
1589
1588
1587
1586
1585
1584
1582
1579
1575
1536
1545
1560
1570
1578
1585
1593
1600
1604
1609
1613
1617
1623
1627
1630
1634
1635
1634
1635
1634
1633
1631
1627
1623
1619
1615
1609
1605
1601
1598
1597
1598
1498
1502
1510
1516
1521
1525
1528
1532
1539
1548
1556
1562
1569
1576
1582
1589
1597
1602
1606
1609
1613
1619
1624
1628
1629
1631
1634
1633
1635
1633
1630
1629
1425
1433
1446
1453
1460
1466
1480
1488
1496
1501
1504
1509
1512
1516
1520
1523
1525
1529
1532
1539
1549
1557
1566
1573
1580
1587
1594
1600
1604
1609
1613
1617
3957
3958
3960
3959
3957
3958
3959
3957
3958
3959
3957
3958
3959
3955
3958
3959
3959
3959
3958
3959
3959
3959
3957
3957
3959
3958
3959
3960
3959
3956
3958
3955
3959
3959
3957
3960
3959
3959
3958
3959
3957
3959
3958
3957
3958
3958
3958
3959
3958
3958
3956
3962
3959
3957
3958
3959
3957
3958
3958
3957
3957
3958
3960
3957
3957
3956
3958
3957
3958
3957
3956
3956
3958
3958
3957
3958
3957
3956
3957
3957
3957
3956
3956
3956
3957
3956
3958
3957
3957
3957
3958
3956
3956
3957
3957
3957
3958
3957
3959
3958
3957
3958
3959
3958
3958
3958
3958
3956
3957
3956
3955
3958
3958
3957
3958
3957
3957
3958
3955
3957
3958
3956
3958
3957
3956
3958
3958
3957
3959
3958
3957
3957
3957
3958
3956
3957
3957
3957
3958
3957
3957
3959
3958
3956
3958
3958
3957
3957
3957
3957
3958
3957
3956
3958
3956
3957
3958
3957
3957
3958
3956
3956
3958
3957
3957
3957
3958
3956
3958
3957
3957
3957
3957
3957
3957
3956
3956
3957
3957
3958
3957
3956
3956
3957
3957
3957
3958
3957
3957
3957
3956
3957
3958
3958
3957
3958
3957
3958
3958
3957
3958
3957
3958
3957
3957
3958
3958
3957
3957
3958
3957
3957
3956
3958
3957
3957
3958
3957
3957
3958
3956
3957
3958
3957
3956
3958
3958
3957
3959
3957
3956
3958
3958
3956
3958
3958
3958
3958
3956
3957
3959
3956
3957
3959
3957
3958
3957
3956
3958
3958
3958
3958
3958
3957
3957
3958
3959
3958
3960
3958
3958
3958
3958
3958
3958
3957
3957
3958
3957
3957
3958
3957
3958
3958
3956
3958
3958
3957
3958
3957
3957
3957
3958
3957
3957
3958
3956
3957
3960
3958
3959
3957
3958
3958
3959
3957
3958
3957
3957
3958
3958
3957
3958
3959
3958
3957
3958
3957
3958
3958
3957
3957
3958
3957
3957
3958
3957
3957
3958
3958
3957
3959
3956
3957
3959
3958
3957
3959
3958
3958
3959
3957
3957
3958
3957
3958
3958
3958
3958
3957
3957
3956
3958
3958
3958
3957
3956
3958
3957
3957
3958
3957
3957
3958
3958
3957
3957
3958
3957
3956
3959
3957
3957
3958
3957
3958
3958
3957
3957
3957
3957
3957
3958
3957
3959
3958
3957
3957
3958
3959
3956
3959
3957
3957
3956
3958
3957
3956
3958
3957
3958
3956
3957
3957
3957
3956
3957
3958
3957
3958
3958
3958
3958
3959
3956
3958
3958
3957
3959
3957
3957
3958
3958
3957
3959
3957
3957
3958
3958
3957
3957
3957
3958
3958
3958
3956
3957
3958
3958
3958
3957
3958
3958
3957
3956
3958
3957
3958
3958
3957
3957
3957
3957
3958
3958
3957
3957
3958
3958
3958
3959
3956
3958
3958
3957
0
2158
2045
1955
1888
1835
1794
1754
1721
1696
1678
1667
1650
1633
1620
1610
1601
1597
1592
1590
1591
1592
1594
1597
1601
1606
1608
1610
1614
1618
1622
1626
1628
1393
1395
1396
1399
1403
1412
1423
1432
1440
1446
1453
1456
1466
1476
1487
1492
1494
1499
1503
1509
1514
1519
1522
1524
1526
1531
1538
1548
1556
1565
1573
1579
1367
1373
1374
1380
1381
1383
1388
1390
1389
1394
1394
1394
1395
1397
1399
1404
1414
1424
1435
1442
1449
1456
1463
1474
1484
1490
1494
1500
1504
1507
1511
1516
1332
1333
1336
1342
1346
1350
1353
1357
1361
1364
1370
1374
1377
1379
1381
1382
1385
1387
1390
1392
1392
1392
1394
1397
1399
1404
1412
1423
1434
1441
1447
1455
1396
1382
1376
1370
1362
1354
1347
1342
1340
1338
1336
1339
1340
1342
1345
1349
1352
1355
1360
1365
1371
1375
1378
1380
1382
1383
1386
1389
1391
1394
1395
1395
1446
1441
1439
1440
1437
1434
1430
1424
1418
1412
1400
1386
1376
1367
1359
1353
1346
1342
1339
1337
1336
1337
1338
1341
1345
1347
1352
1355
1360
1365
1371
1375
1519
1505
1501
1493
1485
1477
1471
1465
1460
1455
1451
1446
1442
1439
1436
1433
1428
1423
1417
1412
1400
1388
1379
1370
1362
1355
1347
1342
1341
1339
1338
1340
1576
1572
1573
1569
1566
1562
1557
1553
1548
1538
1521
1509
1499
1491
1484
1477
1470
1465
1459
1454
1450
1447
1442
1439
1435
1431
1427
1421
1416
1409
1399
1386
1592
1592
1591
1592
1589
1588
1585
1585
1583
1581
1579
1576
1572
1568
1564
1561
1557
1552
1547
1539
1524
1511
1501
1492
1483
1476
1470
1464
1457
1453
1450
1446
1628
1624
1626
1623
1619
1615
1610
1605
1600
1598
1598
1596
1594
1592
1590
1587
1588
1585
1588
1587
1582
1577
1572
1568
1564
1562
1558
1553
1548
1541
1526
1513
1609
1611
1623
1628
1631
1632
1634
1633
1634
1633
1632
1628
1626
1622
1618
1615
1609
1604
1598
1596
1595
1594
1591
1589
1588
1587
1586
1585
1584
1582
1579
1575
1536
1545
1560
1570
1578
1585
1593
1600
1604
1609
1613
1617
1623
1627
1630
1634
1635
1634
1635
1634
1633
1631
1627
1623
1619
1615
1609
1605
1601
1598
1597
1598
1498
1502
1510
1516
1521
1525
1528
1532
1539
1548
1556
1562
1569
1576
1582
1589
1597
1602
1606
1609
1613
1619
1624
1628
1629
1631
1634
1633
1635
1633
1630
1629
1425
1433
1446
1453
1460
1466
1480
1488
1496
1501
1504
1509
1512
1516
1520
1523
1525
1529
1532
1539
1549
1557
1566
1573
1580
1587
1594
1600
1604
1609
1613
1617
1387
1388
1392
1396
1396
1396
1398
0
2265
2136
2031
1948
1881
1825
1780
1741
1707
1681
1660
1634
1613
1596
1582
1575
1565
1559
1553
1547
1542
1537
1523
1514
1505
1501
1493
1487
1483
1480
1477
1472
1468
1470
1470
1471
1472
1472
1472
1472
1473
1477
1477
1478
1479
1480
1478
1480
1483
1484
1484
1487
1486
1488
1492
1491
1495
1494
1495
1494
1494
1493
1490
1487
1443
1446
1445
1450
1454
1459
1462
1465
1467
1467
1469
1470
1471
1473
1474
1474
1475
1476
1476
1477
1477
1476
1475
1478
1478
1480
1483
1484
1486
1487
1486
1488
1435
1434
1436
1440
1439
1439
1441
1441
1444
1447
1447
1449
1451
1452
1455
1458
1462
1465
1468
1469
1469
1470
1472
1474
1474
1475
1474
1473
1472
1473
1474
1474
1421
1422
1426
1434
1437
1437
1438
1439
1439
1441
1441
1441
1440
1439
1438
1439
1440
1441
1444
1446
1446
1448
1450
1451
1454
1457
1462
1466
1468
1468
1468
1468
1405
1398
1398
1394
1392
1390
1389
1390
1389
1389
1390
1391
1392
1395
1397
1396
1398
1400
1400
1400
1402
1403
1401
1401
1400
1399
1400
1401
1404
1411
1420
1426
1421
1418
1422
1424
1423
1421
1421
1419
1419
1418
1416
1413
1415
1414
1416
1418
1420
1423
1426
1427
1428
1431
1431
1433
1436
1437
1438
1439
1439
1440
1441
1441
1429
1427
1430
1433
1433
1432
1431
1432
1431
1431
1430
1428
1427
1426
1424
1421
1420
1418
1418
1417
1415
1415
1416
1414
1417
1420
1421
1423
1426
1427
1428
1430
1449
1446
1450
1446
1443
1440
1437
1438
1437
1435
1434
1433
1432
1431
1431
1431
1431
1431
1430
1429
1429
1427
1428
1428
1425
1423
1420
1419
1419
1418
1412
1406
1467
1467
1469
1472
1470
1469
1467
1465
1464
1462
1458
1455
1453
1449
1445
1442
1439
1439
1438
1436
1435
1433
1432
1431
1432
1430
1429
1430
1430
1429
1428
1427
1474
1474
1469
1473
1476
1473
1472
1471
1469
1471
1471
1472
1471
1470
1470
1467
1465
1463
1461
1459
1457
1455
1452
1447
1443
1441
1439
1438
1438
1437
1435
1428
1486
1486
1492
1493
1489
1486
1487
1485
1482
1479
1478
1475
1472
1472
1472
1471
1470
1470
1470
1470
1470
1470
1471
1470
1468
1466
1464
1461
1460
1460
1458
1456
1476
1474
1482
1487
1487
1489
1492
1492
1494
1494
1494
1495
1495
1493
1492
1490
1487
1485
1484
1482
1483
1478
1476
1475
1475
1473
1473
1472
1469
1469
1471
1472
1471
1472
1471
1477
1478
1479
1480
1480
1479
1480
1482
1483
1486
1486
1487
1488
1491
1491
1492
1493
1494
1494
1494
1494
1493
1491
1489
1488
1486
1483
1485
1480
3957
3958
3960
3959
3957
3958
3959
3957
3958
3959
3957
3958
3959
3955
3958
3959
3959
3959
3958
3959
3959
3959
3957
3957
3959
3958
3959
3960
3959
3956
3958
3955
3959
3959
3957
3960
3959
3959
3958
3959
3957
3959
3958
3957
3958
3958
3958
3959
3958
3958
3956
3962
3959
3957
3958
3959
3957
3958
3958
3957
3957
3958
3960
3957
3957
3956
3958
3957
3958
3957
3956
3956
3958
3958
3957
3958
3957
3956
3957
3957
3957
3956
3956
3956
3957
3956
3958
3957
3957
3957
3958
3956
3956
3957
3957
3957
3958
3957
3959
3958
3957
3958
3959
3958
3958
3958
3958
3956
3957
3956
3955
3958
3958
3957
3958
3957
3957
3958
3955
3957
3958
3956
3958
3957
3956
3958
3958
3957
3959
3958
3957
3957
3957
3958
3956
3957
3957
3957
3958
3957
3957
3959
3958
3956
3958
3958
3957
3957
3957
3957
3958
3957
3956
3958
3956
3957
3958
3957
3957
3958
3956
3956
3958
3957
3957
3957
3958
3956
3958
3957
3957
3957
3957
3957
3957
3956
3956
3957
3957
3958
3957
3956
3956
3957
3957
3957
3958
3957
3957
3957
3956
3957
3958
3958
3957
3958
3957
3958
3958
3957
3958
3957
3958
3957
3957
3958
3958
3957
3957
3958
3957
3957
3956
3958
3957
3957
3958
3957
3957
3958
3956
3957
3958
3957
3956
3958
3958
3957
3959
3957
3956
3958
3958
3956
3958
3958
3958
3958
3956
3957
3959
3956
3957
3959
3957
3958
3957
3956
3958
3958
3958
3958
3958
3957
3957
3958
3959
3958
3960
3958
3958
3958
3958
3958
3958
3957
3957
3958
3957
3957
3958
3957
3958
3958
3956
3958
3958
3957
3958
3957
3957
3957
3958
3957
3957
3958
3956
3957
3960
3958
3959
3957
3958
3958
3959
3957
3958
3957
3957
3958
3958
3957
3958
3959
3958
3957
3958
3957
3958
3958
3957
3957
3958
3957
3957
3958
3957
3957
3958
3958
3957
3959
3956
3957
3959
3958
3957
3959
3958
3958
3959
3957
3957
3958
3957
3958
3958
3958
3958
3957
3957
3956
3958
3958
3958
3957
3956
3958
3957
3957
3958
3957
3957
3958
3958
3957
3957
3958
3957
3956
3959
3957
3957
3958
3957
3958
3958
3957
3957
3957
3957
3957
3958
3957
3959
3958
3957
3957
3958
3959
3956
3959
3957
3957
3956
3958
3957
3956
3958
3957
3958
3956
3957
3957
3957
3956
3957
3958
3957
3958
3958
3958
3958
3959
3956
3958
3958
3957
3959
3957
3957
3958
3958
3957
3959
3957
3957
3958
3958
3957
3957
3957
3958
3958
3958
3956
3957
3958
3958
3958
3957
3958
3958
3957
3956
3958
3957
3958
3958
3957
3957
3957
3957
3958
3958
3957
3957
3958
3958
3958
3959
3956
3958
3958
3957
0
2158
2045
1955
1888
1835
1794
1754
1721
1696
1678
1667
1650
1633
1620
1610
1601
1597
1592
1590
1591
1592
1594
1597
1601
1606
1608
1610
1614
1618
1622
1626
1628
1393
1395
1396
1399
1403
1412
1423
1432
1440
1446
1453
1456
1466
1476
1487
1492
1494
1499
1503
1509
1514
1519
1522
1524
1526
1531
1538
1548
1556
1565
1573
1579
1367
1373
1374
1380
1381
1383
1388
1390
1389
1394
1394
1394
1395
1397
1399
1404
1414
1424
1435
1442
1449
1456
1463
1474
1484
1490
1494
1500
1504
1507
1511
1516
1332
1333
1336
1342
1346
1350
1353
1357
1361
1364
1370
1374
1377
1379
1381
1382
1385
1387
1390
1392
1392
1392
1394
1397
1399
1404
1412
1423
1434
1441
1447
1455
1396
1382
1376
1370
1362
1354
1347
1342
1340
1338
1336
1339
1340
1342
1345
1349
1352
1355
1360
1365
1371
1375
1378
1380
1382
1383
1386
1389
1391
1394
1395
1395
1446
1441
1439
1440
1437
1434
1430
1424
1418
1412
1400
1386
1376
1367
1359
1353
1346
1342
1339
1337
1336
1337
1338
1341
1345
1347
1352
1355
1360
1365
1371
1375
1519
1505
1501
1493
1485
1477
1471
1465
1460
1455
1451
1446
1442
1439
1436
1433
1428
1423
1417
1412
1400
1388
1379
1370
1362
1355
1347
1342
1341
1339
1338
1340
1576
1572
1573
1569
1566
1562
1557
1553
1548
1538
1521
1509
1499
1491
1484
1477
1470
1465
1459
1454
1450
1447
1442
1439
1435
1431
1427
1421
1416
1409
1399
1386
1592
1592
1591
1592
1589
1588
1585
1585
1583
1581
1579
1576
1572
1568
1564
1561
1557
1552
1547
1539
1524
1511
1501
1492
1483
1476
1470
1464
1457
1453
1450
1446
1628
1624
1626
1623
1619
1615
1610
1605
1600
1598
1598
1596
1594
1592
1590
1587
1588
1585
1588
1587
1582
1577
1572
1568
1564
1562
1558
1553
1548
1541
1526
1513
1609
1611
1623
1628
1631
1632
1634
1633
1634
1633
1632
1628
1626
1622
1618
1615
1609
1604
1598
1596
1595
1594
1591
1589
1588
1587
1586
1585
1584
1582
1579
1575
1536
1545
1560
1570
1578
1585
1593
1600
1604
1609
1613
1617
1623
1627
1630
1634
1635
1634
1635
1634
1633
1631
1627
1623
1619
1615
1609
1605
1601
1598
1597
1598
1498
1502
1510
1516
1521
1525
1528
1532
1539
1548
1556
1562
1569
1576
1582
1589
1597
1602
1606
1609
1613
1619
1624
1628
1629
1631
1634
1633
1635
1633
1630
1629
1425
1433
1446
1453
1460
1466
1480
1488
1496
1501
1504
1509
1512
1516
1520
1523
1525
1529
1532
1539
1549
1557
1566
1573
1580
1587
1594
1600
1604
1609
1613
1617
1387
1388
1392
1396
1396
1396
1398
0
2265
2136
2031
1948
1881
1825
1780
1741
1707
1681
1660
1634
1613
1596
1582
1575
1565
1559
1553
1547
1542
1537
1523
1514
1505
1501
1493
1487
1483
1480
1477
1472
1468
1470
1470
1471
1472
1472
1472
1472
1473
1477
1477
1478
1479
1480
1478
1480
1483
1484
1484
1487
1486
1488
1492
1491
1495
1494
1495
1494
1494
1493
1490
1487
1443
1446
1445
1450
1454
1459
1462
1465
1467
1467
1469
1470
1471
1473
1474
1474
1475
1476
1476
1477
1477
1476
1475
1478
1478
1480
1483
1484
1486
1487
1486
1488
1435
1434
1436
1440
1439
1439
1441
1441
1444
1447
1447
1449
1451
1452
1455
1458
1462
1465
1468
1469
1469
1470
1472
1474
1474
1475
1474
1473
1472
1473
1474
1474
1421
1422
1426
1434
1437
1437
1438
1439
1439
1441
1441
1441
1440
1439
1438
1439
1440
1441
1444
1446
1446
1448
1450
1451
1454
1457
1462
1466
1468
1468
1468
1468
1405
1398
1398
1394
1392
1390
1389
1390
1389
1389
1390
1391
1392
1395
1397
1396
1398
1400
1400
1400
1402
1403
1401
1401
1400
1399
1400
1401
1404
1411
1420
1426
1421
1418
1422
1424
1423
1421
1421
1419
1419
1418
1416
1413
1415
1414
1416
1418
1420
1423
1426
1427
1428
1431
1431
1433
1436
1437
1438
1439
1439
1440
1441
1441
1429
1427
1430
1433
1433
1432
1431
1432
1431
1431
1430
1428
1427
1426
1424
1421
1420
1418
1418
1417
1415
1415
1416
1414
1417
1420
1421
1423
1426
1427
1428
1430
1449
1446
1450
1446
1443
1440
1437
1438
1437
1435
1434
1433
1432
1431
1431
1431
1431
1431
1430
1429
1429
1427
1428
1428
1425
1423
1420
1419
1419
1418
1412
1406
1467
1467
1469
1472
1470
1469
1467
1465
1464
1462
1458
1455
1453
1449
1445
1442
1439
1439
1438
1436
1435
1433
1432
1431
1432
1430
1429
1430
1430
1429
1428
1427
1474
1474
1469
1473
1476
1473
1472
1471
1469
1471
1471
1472
1471
1470
1470
1467
1465
1463
1461
1459
1457
1455
1452
1447
1443
1441
1439
1438
1438
1437
1435
1428
1486
1486
1492
1493
1489
1486
1487
1485
1482
1479
1478
1475
1472
1472
1472
1471
1470
1470
1470
1470
1470
1470
1471
1470
1468
1466
1464
1461
1460
1460
1458
1456
1476
1474
1482
1487
1487
1489
1492
1492
1494
1494
1494
1495
1495
1493
1492
1490
1487
1485
1484
1482
1483
1478
1476
1475
1475
1473
1473
1472
1469
1469
1471
1472
1471
1472
1471
1477
1478
1479
1480
1480
1479
1480
1482
1483
1486
1486
1487
1488
1491
1491
1492
1493
1494
1494
1494
1494
1493
1491
1489
1488
1486
1483
1485
1480
1454
1456
1465
1468
1470
1471
1471
0
2187
2062
1958
1879
1817
1763
1718
1679
1648
1618
1595
1577
1563
1553
1544
1535
1525
1513
1505
1497
1491
1487
1482
1479
1477
1477
1479
1477
1476
1477
1477
1476
1389
1390
1393
1395
1395
1393
1395
1394
1390
1391
1391
1392
1393
1395
1398
1398
1404
1411
1420
1429
1436
1443
1451
1455
1459
1460
1461
1464
1468
1468
1470
1471
1369
1372
1373
1378
1380
1385
1385
1383
1382
1384
1391
1393
1394
1396
1397
1397
1396
1395
1394
1393
1393
1395
1395
1396
1397
1400
1402
1412
1422
1430
1438
1446
1407
1401
1394
1392
1386
1383
1380
1377
1375
1374
1373
1374
1376
1378
1378
1382
1383
1384
1387
1387
1389
1392
1393
1395
1396
1396
1397
1396
1395
1395
1396
1395
1420
1420
1421
1424
1425
1423
1424
1423
1420
1418
1416
1414
1413
1412
1410
1410
1409
1406
1400
1395
1391
1389
1389
1387
1386
1387
1389
1389
1391
1392
1393
1394
1428
1429
1428
1430
1431
1430
1428
1427
1426
1426
1426
1426
1425
1425
1424
1423
1423
1422
1420
1418
1416
1414
1413
1411
1404
1396
1391
1386
1383
1381
1379
1379
1454
1450
1456
1456
1453
1451
1448
1443
1439
1437
1435
1434
1433
1431
1430
1428
1426
1426
1426
1425
1425
1423
1423
1423
1422
1421
1421
1421
1419
1417
1415
1412
1462
1462
1466
1468
1468
1469
1469
1468
1465
1464
1462
1460
1458
1455
1452
1451
1449
1443
1440
1438
1434
1434
1434
1432
1432
1431
1428
1427
1427
1427
1426
1424
1478
1479
1476
1477
1476
1473
1471
1470
1470
1468
1467
1468
1466
1466
1467
1468
1468
1468
1464
1463
1460
1457
1455
1454
1452
1450
1447
1443
1439
1437
1435
1434
1482
1483
1489
1490
1491
1493
1492
1490
1489
1487
1484
1484
1480
1475
1477
1473
1473
1471
1470
1468
1467
1467
1466
1466
1468
1468
1468
1468
1466
1465
1463
1460
1470
1470
1474
1475
1479
1481
1484
1485
1485
1486
1488
1489
1489
1490
1490
1492
1492
1490
1490
1489
1485
1483
1479
1476
1475
1473
1470
1470
1469
1469
1468
1468
1457
1460
1466
1470
1472
1470
1467
1472
1472
1472
1473
1475
1475
1476
1477
1479
1482
1484
1485
1486
1487
1487
1488
1490
1490
1492
1492
1489
1488
1486
1482
1481
1416
1423
1434
1443
1449
1456
1459
1461
1463
1464
1467
1469
1471
1471
1473
1473
1472
1473
1472
1472
1472
1475
1474
1476
1478
1479
1482
1484
1484
1486
1488
1488
1432
1430
1435
1437
1439
1440
1441
1443
1444
1446
1447
1448
1450
1454
1457
1461
1463
1464
1466
1467
1467
1469
1470
1470
1472
1472
1471
1472
1475
1473
1475
1476
3957
3958
3960
3959
3957
3958
3959
3957
3958
3959
3957
3958
3959
3955
3958
3959
3959
3959
3958
3959
3959
3959
3957
3957
3959
3958
3959
3960
3959
3956
3958
3955
3959
3959
3957
3960
3959
3959
3958
3959
3957
3959
3958
3957
3958
3958
3958
3959
3958
3958
3956
3962
3959
3957
3958
3959
3957
3958
3958
3957
3957
3958
3960
3957
3957
3956
3958
3957
3958
3957
3956
3956
3958
3958
3957
3958
3957
3956
3957
3957
3957
3956
3956
3956
3957
3956
3958
3957
3957
3957
3958
3956
3956
3957
3957
3957
3958
3957
3959
3958
3957
3958
3959
3958
3958
3958
3958
3956
3957
3956
3955
3958
3958
3957
3958
3957
3957
3958
3955
3957
3958
3956
3958
3957
3956
3958
3958
3957
3959
3958
3957
3957
3957
3958
3956
3957
3957
3957
3958
3957
3957
3959
3958
3956
3958
3958
3957
3957
3957
3957
3958
3957
3956
3958
3956
3957
3958
3957
3957
3958
3956
3956
3958
3957
3957
3957
3958
3956
3958
3957
3957
3957
3957
3957
3957
3956
3956
3957
3957
3958
3957
3956
3956
3957
3957
3957
3958
3957
3957
3957
3956
3957
3958
3958
3957
3958
3957
3958
3958
3957
3958
3957
3958
3957
3957
3958
3958
3957
3957
3958
3957
3957
3956
3958
3957
3957
3958
3957
3957
3958
3956
3957
3958
3957
3956
3958
3958
3957
3959
3957
3956
3958
3958
3956
3958
3958
3958
3958
3956
3957
3959
3956
3957
3959
3957
3958
3957
3956
3958
3958
3958
3958
3958
3957
3957
3958
3959
3958
3960
3958
3958
3958
3958
3958
3958
3957
3957
3958
3957
3957
3958
3957
3958
3958
3956
3958
3958
3957
3958
3957
3957
3957
3958
3957
3957
3958
3956
3957
3960
3958
3959
3957
3958
3958
3959
3957
3958
3957
3957
3958
3958
3957
3958
3959
3958
3957
3958
3957
3958
3958
3957
3957
3958
3957
3957
3958
3957
3957
3958
3958
3957
3959
3956
3957
3959
3958
3957
3959
3958
3958
3959
3957
3957
3958
3957
3958
3958
3958
3958
3957
3957
3956
3958
3958
3958
3957
3956
3958
3957
3957
3958
3957
3957
3958
3958
3957
3957
3958
3957
3956
3959
3957
3957
3958
3957
3958
3958
3957
3957
3957
3957
3957
3958
3957
3959
3958
3957
3957
3958
3959
3956
3959
3957
3957
3956
3958
3957
3956
3958
3957
3958
3956
3957
3957
3957
3956
3957
3958
3957
3958
3958
3958
3958
3959
3956
3958
3958
3957
3959
3957
3957
3958
3958
3957
3959
3957
3957
3958
3958
3957
3957
3957
3958
3958
3958
3956
3957
3958
3958
3958
3957
3958
3958
3957
3956
3958
3957
3958
3958
3957
3957
3957
3957
3958
3958
3957
3957
3958
3958
3958
3959
3956
3958
3958
3957
0
2158
2045
1955
1888
1835
1794
1754
1721
1696
1678
1667
1650
1633
1620
1610
1601
1597
1592
1590
1591
1592
1594
1597
1601
1606
1608
1610
1614
1618
1622
1626
1628
1393
1395
1396
1399
1403
1412
1423
1432
1440
1446
1453
1456
1466
1476
1487
1492
1494
1499
1503
1509
1514
1519
1522
1524
1526
1531
1538
1548
1556
1565
1573
1579
1367
1373
1374
1380
1381
1383
1388
1390
1389
1394
1394
1394
1395
1397
1399
1404
1414
1424
1435
1442
1449
1456
1463
1474
1484
1490
1494
1500
1504
1507
1511
1516
1332
1333
1336
1342
1346
1350
1353
1357
1361
1364
1370
1374
1377
1379
1381
1382
1385
1387
1390
1392
1392
1392
1394
1397
1399
1404
1412
1423
1434
1441
1447
1455
1396
1382
1376
1370
1362
1354
1347
1342
1340
1338
1336
1339
1340
1342
1345
1349
1352
1355
1360
1365
1371
1375
1378
1380
1382
1383
1386
1389
1391
1394
1395
1395
1446
1441
1439
1440
1437
1434
1430
1424
1418
1412
1400
1386
1376
1367
1359
1353
1346
1342
1339
1337
1336
1337
1338
1341
1345
1347
1352
1355
1360
1365
1371
1375
1519
1505
1501
1493
1485
1477
1471
1465
1460
1455
1451
1446
1442
1439
1436
1433
1428
1423
1417
1412
1400
1388
1379
1370
1362
1355
1347
1342
1341
1339
1338
1340
1576
1572
1573
1569
1566
1562
1557
1553
1548
1538
1521
1509
1499
1491
1484
1477
1470
1465
1459
1454
1450
1447
1442
1439
1435
1431
1427
1421
1416
1409
1399
1386
1592
1592
1591
1592
1589
1588
1585
1585
1583
1581
1579
1576
1572
1568
1564
1561
1557
1552
1547
1539
1524
1511
1501
1492
1483
1476
1470
1464
1457
1453
1450
1446
1628
1624
1626
1623
1619
1615
1610
1605
1600
1598
1598
1596
1594
1592
1590
1587
1588
1585
1588
1587
1582
1577
1572
1568
1564
1562
1558
1553
1548
1541
1526
1513
1609
1611
1623
1628
1631
1632
1634
1633
1634
1633
1632
1628
1626
1622
1618
1615
1609
1604
1598
1596
1595
1594
1591
1589
1588
1587
1586
1585
1584
1582
1579
1575
1536
1545
1560
1570
1578
1585
1593
1600
1604
1609
1613
1617
1623
1627
1630
1634
1635
1634
1635
1634
1633
1631
1627
1623
1619
1615
1609
1605
1601
1598
1597
1598
1498
1502
1510
1516
1521
1525
1528
1532
1539
1548
1556
1562
1569
1576
1582
1589
1597
1602
1606
1609
1613
1619
1624
1628
1629
1631
1634
1633
1635
1633
1630
1629
1425
1433
1446
1453
1460
1466
1480
1488
1496
1501
1504
1509
1512
1516
1520
1523
1525
1529
1532
1539
1549
1557
1566
1573
1580
1587
1594
1600
1604
1609
1613
1617
1387
1388
1392
1396
1396
1396
1398
0
2265
2136
2031
1948
1881
1825
1780
1741
1707
1681
1660
1634
1613
1596
1582
1575
1565
1559
1553
1547
1542
1537
1523
1514
1505
1501
1493
1487
1483
1480
1477
1472
1468
1470
1470
1471
1472
1472
1472
1472
1473
1477
1477
1478
1479
1480
1478
1480
1483
1484
1484
1487
1486
1488
1492
1491
1495
1494
1495
1494
1494
1493
1490
1487
1443
1446
1445
1450
1454
1459
1462
1465
1467
1467
1469
1470
1471
1473
1474
1474
1475
1476
1476
1477
1477
1476
1475
1478
1478
1480
1483
1484
1486
1487
1486
1488
1435
1434
1436
1440
1439
1439
1441
1441
1444
1447
1447
1449
1451
1452
1455
1458
1462
1465
1468
1469
1469
1470
1472
1474
1474
1475
1474
1473
1472
1473
1474
1474
1421
1422
1426
1434
1437
1437
1438
1439
1439
1441
1441
1441
1440
1439
1438
1439
1440
1441
1444
1446
1446
1448
1450
1451
1454
1457
1462
1466
1468
1468
1468
1468
1405
1398
1398
1394
1392
1390
1389
1390
1389
1389
1390
1391
1392
1395
1397
1396
1398
1400
1400
1400
1402
1403
1401
1401
1400
1399
1400
1401
1404
1411
1420
1426
1421
1418
1422
1424
1423
1421
1421
1419
1419
1418
1416
1413
1415
1414
1416
1418
1420
1423
1426
1427
1428
1431
1431
1433
1436
1437
1438
1439
1439
1440
1441
1441
1429
1427
1430
1433
1433
1432
1431
1432
1431
1431
1430
1428
1427
1426
1424
1421
1420
1418
1418
1417
1415
1415
1416
1414
1417
1420
1421
1423
1426
1427
1428
1430
1449
1446
1450
1446
1443
1440
1437
1438
1437
1435
1434
1433
1432
1431
1431
1431
1431
1431
1430
1429
1429
1427
1428
1428
1425
1423
1420
1419
1419
1418
1412
1406
1467
1467
1469
1472
1470
1469
1467
1465
1464
1462
1458
1455
1453
1449
1445
1442
1439
1439
1438
1436
1435
1433
1432
1431
1432
1430
1429
1430
1430
1429
1428
1427
1474
1474
1469
1473
1476
1473
1472
1471
1469
1471
1471
1472
1471
1470
1470
1467
1465
1463
1461
1459
1457
1455
1452
1447
1443
1441
1439
1438
1438
1437
1435
1428
1486
1486
1492
1493
1489
1486
1487
1485
1482
1479
1478
1475
1472
1472
1472
1471
1470
1470
1470
1470
1470
1470
1471
1470
1468
1466
1464
1461
1460
1460
1458
1456
1476
1474
1482
1487
1487
1489
1492
1492
1494
1494
1494
1495
1495
1493
1492
1490
1487
1485
1484
1482
1483
1478
1476
1475
1475
1473
1473
1472
1469
1469
1471
1472
1471
1472
1471
1477
1478
1479
1480
1480
1479
1480
1482
1483
1486
1486
1487
1488
1491
1491
1492
1493
1494
1494
1494
1494
1493
1491
1489
1488
1486
1483
1485
1480
1454
1456
1465
1468
1470
1471
1471
0
2187
2062
1958
1879
1817
1763
1718
1679
1648
1618
1595
1577
1563
1553
1544
1535
1525
1513
1505
1497
1491
1487
1482
1479
1477
1477
1479
1477
1476
1477
1477
1476
1389
1390
1393
1395
1395
1393
1395
1394
1390
1391
1391
1392
1393
1395
1398
1398
1404
1411
1420
1429
1436
1443
1451
1455
1459
1460
1461
1464
1468
1468
1470
1471
1369
1372
1373
1378
1380
1385
1385
1383
1382
1384
1391
1393
1394
1396
1397
1397
1396
1395
1394
1393
1393
1395
1395
1396
1397
1400
1402
1412
1422
1430
1438
1446
1407
1401
1394
1392
1386
1383
1380
1377
1375
1374
1373
1374
1376
1378
1378
1382
1383
1384
1387
1387
1389
1392
1393
1395
1396
1396
1397
1396
1395
1395
1396
1395
1420
1420
1421
1424
1425
1423
1424
1423
1420
1418
1416
1414
1413
1412
1410
1410
1409
1406
1400
1395
1391
1389
1389
1387
1386
1387
1389
1389
1391
1392
1393
1394
1428
1429
1428
1430
1431
1430
1428
1427
1426
1426
1426
1426
1425
1425
1424
1423
1423
1422
1420
1418
1416
1414
1413
1411
1404
1396
1391
1386
1383
1381
1379
1379
1454
1450
1456
1456
1453
1451
1448
1443
1439
1437
1435
1434
1433
1431
1430
1428
1426
1426
1426
1425
1425
1423
1423
1423
1422
1421
1421
1421
1419
1417
1415
1412
1462
1462
1466
1468
1468
1469
1469
1468
1465
1464
1462
1460
1458
1455
1452
1451
1449
1443
1440
1438
1434
1434
1434
1432
1432
1431
1428
1427
1427
1427
1426
1424
1478
1479
1476
1477
1476
1473
1471
1470
1470
1468
1467
1468
1466
1466
1467
1468
1468
1468
1464
1463
1460
1457
1455
1454
1452
1450
1447
1443
1439
1437
1435
1434
1482
1483
1489
1490
1491
1493
1492
1490
1489
1487
1484
1484
1480
1475
1477
1473
1473
1471
1470
1468
1467
1467
1466
1466
1468
1468
1468
1468
1466
1465
1463
1460
1470
1470
1474
1475
1479
1481
1484
1485
1485
1486
1488
1489
1489
1490
1490
1492
1492
1490
1490
1489
1485
1483
1479
1476
1475
1473
1470
1470
1469
1469
1468
1468
1457
1460
1466
1470
1472
1470
1467
1472
1472
1472
1473
1475
1475
1476
1477
1479
1482
1484
1485
1486
1487
1487
1488
1490
1490
1492
1492
1489
1488
1486
1482
1481
1416
1423
1434
1443
1449
1456
1459
1461
1463
1464
1467
1469
1471
1471
1473
1473
1472
1473
1472
1472
1472
1475
1474
1476
1478
1479
1482
1484
1484
1486
1488
1488
1432
1430
1435
1437
1439
1440
1441
1443
1444
1446
1447
1448
1450
1454
1457
1461
1463
1464
1466
1467
1467
1469
1470
1470
1472
1472
1471
1472
1475
1473
1475
1476
1421
1421
1430
1431
1433
1435
1435
0
2306
2174
2062
1971
1895
1833
1783
1737
1698
1668
1637
1611
1588
1567
1553
1546
1539
1528
1515
1503
1493
1484
1474
1469
1462
1458
1454
1449
1442
1439
1437
1434
1488
1489
1490
1492
1492
1491
1488
1487
1485
1484
1482
1480
1481
1477
1473
1469
1470
1468
1468
1469
1467
1465
1465
1465
1467
1469
1469
1466
1465
1461
1458
1458
1468
1472
1472
1478
1480
1484
1484
1487
1487
1487
1488
1489
1489
1491
1492
1491
1490
1489
1487
1485
1482
1476
1478
1476
1474
1472
1470
1468
1469
1467
1466
1466
1463
1463
1469
1473
1474
1473
1474
1474
1474
1474
1473
1476
1478
1479
1481
1481
1482
1483
1484
1485
1487
1488
1488
1489
1490
1491
1490
1490
1488
1485
1483
1480
1425
1430
1440
1450
1456
1460
1463
1465
1465
1468
1471
1472
1473
1473
1472
1473
1473
1474
1475
1475
1474
1476
1478
1478
1481
1483
1484
1485
1487
1488
1489
1491
1429
1429
1432
1437
1441
1443
1444
1446
1448
1448
1450
1452
1455
1460
1462
1463
1465
1467
1467
1469
1472
1472
1473
1474
1473
1475
1475
1473
1474
1476
1475
1476
1427
1427
1430
1435
1437
1439
1440
1439
1438
1437
1435
1432
1435
1437
1440
1443
1443
1446
1447
1449
1451
1454
1456
1461
1464
1464
1466
1468
1469
1472
1473
1472
1392
1387
1387
1390
1391
1391
1392
1392
1390
1393
1394
1393
1394
1395
1395
1397
1398
1397
1397
1396
1394
1394
1396
1396
1399
1402
1404
1411
1420
1427
1432
1438
1409
1398
1397
1392
1387
1383
1378
1375
1373
1371
1372
1373
1373
1377
1379
1380
1382
1384
1384
1387
1389
1390
1391
1393
1394
1396
1397
1396
1396
1395
1393
1393
1422
1421
1426
1427
1425
1424
1423
1420
1418
1417
1414
1413
1413
1411
1411
1410
1408
1403
1396
1390
1386
1385
1384
1384
1383
1383
1383
1385
1386
1388
1389
1391
1433
1432
1432
1432
1434
1432
1431
1429
1428
1427
1428
1426
1427
1427
1425
1425
1423
1421
1419
1417
1414
1412
1411
1409
1404
1397
1390
1387
1382
1378
1377
1378
1456
1453
1457
1456
1454
1453
1449
1445
1441
1438
1436
1435
1434
1433
1433
1431
1430
1430
1428
1428
1428
1425
1426
1426
1424
1422
1421
1420
1419
1419
1417
1415
1463
1461
1461
1467
1469
1470
1470
1469
1468
1466
1462
1460
1458
1455
1453
1452
1449
1445
1441
1437
1435
1434
1432
1431
1431
1429
1429
1430
1428
1427
1427
1427
1478
1475
1473
1477
1475
1473
1472
1471
1469
1469
1469
1467
1467
1467
1468
1468
1467
1465
1464
1458
1455
1456
1455
1452
1451
1449
1446
1442
1440
1438
1437
1436
